alphaArr := calcAfor(250,100000,250,m)
Alpha convergence research:
2.673469387755102
2.913294797687861
3.073170731707317
2.9190751445086707
2.955399061032864
2.9587426326129664
3.012006861063465
2.9634502923976607
2.9180537772087067
2.997601918465228
2.946695095948827
2.9599609375
2.9708826205641494
2.995748299319728
2.969912905779889
2.967455621301775
2.9628865979381445
2.9815181518151816
2.9447852760736195
2.9626998223801064
2.9313779745434423
3.006514657980456
2.959857723577236
2.9634567901234568
2.99856184084372
2.9551020408163264
2.9775725593667546
2.9623903050564144
3.0045454545454544
2.9503464203233256
2.9667045024593266
3.0529725609756095
2.9723717258701114
2.9905561385099686
2.969584319026698
2.9672667757774143
3.004208481709291
2.9927695693178245
2.9938725490196076
3.014042426053182
3.037974683544304
2.9685127916783807
2.98834628190899
2.9577956989247314
2.9347096774193546
2.952271567126085
3.0127877237851663
2.982055063913471
2.9632495164410058
3.003362151777137
2.9842190763518217
2.986345015930815
2.9680426098535286
3.0106832851101712
2.991972228249078
2.9866892034650325
2.992290060429256
2.9887295081967213
2.948621305296568
2.9986008394963024
2.9960722702278084
2.9892369786661543
3.004754659566375
2.9778679454075987
2.9758507135016465
2.9559164733178656
2.9847274018824366
2.9841131284916202
2.9785911602209945
2.9553616378587013
3.0038903924221922
2.97652273846659
2.99328968903437
2.9792370835345245
2.9866581956797966
2.972157411728107
2.961214165261383
2.97442143727162
2.982501131392367
2.9766438559952397
2.9648233931673422
2.9804574406485234
2.994663974617825
2.9894990776216828
2.979431929480901
2.9794928640709437
2.9793518391904827
2.97849751377503
2.998388396454472
2.9854766305782943
2.987550779714323
2.978963571062083
2.992025723472669
2.9981003039513676
2.9821160580290145
2.992051664182812
2.996416656369702
2.993781246189489
2.98098541018895
2.9933166248955723
3.005945303210464
3.007311320754717
2.9851800393655203
3.005534417156693
2.9864711232378354
2.9930258717660294
3.001569154898005
2.9950088731144633
2.963504440112627
2.987950499348676
2.995687796463993
2.988712597167501
3.0172634271099743
2.9575261576711904
2.990961038961039
2.984260878510441
2.9889717144899417
3.004366368805849
3.028513444951801
2.9881885856079404
2.974056603773585
3.009892262487757
2.9938941655359566
2.994319275948392
2.9653667330866305
2.9837352245862885
2.9703330534564794
2.991963367909541
3.0052934621099556
2.995771670190275
2.985380913465904
3.016071915009534
2.988538681948424
2.983963852219367
3.0035571365051132
2.981502586131323
2.9786147186147187
2.9860810927638974
3.0114088159031978
2.981553893233594
3.0068172134639966
2.9969668885331537
2.9992449664429532
3.003751563151313
3.004799338022342
2.982994304312449
2.9920364050056882
2.9986233703133855
3.011144964720975
3.0079155672823217
2.988694758478931
3.006559709159883
2.98971241524433
2.9964291259121256
2.995439789766579
2.979280926264473
2.982251213592233
2.9943357752435618
2.999622954528316
2.992837424457211
2.9821770511120933
2.978960486767832
2.9975038543425594
3.0073136839025816
2.987923054671681
2.991314334936473
2.983821538022949
2.9895213820447464
2.9972369819341127
2.9988716502115658
2.9897346368715083
2.9906269527181837
2.9734130255564715
2.996014567443139
2.9754638754842655
2.973955873422846
2.996553122465531
2.9859381277621533
2.986101875249368
2.9908348276549113
2.998477325388944
2.982657068062827
3.004334121355398
3.00039100684262
2.9912880743417656
2.984031681144609
3.0070739549839227
2.9810174639331817
2.9863979848866498
3.0066759037662174
2.9975542455788284
2.9942846493135367
2.988813349814586
3.0014204545454546
2.980321456945548
3.0014681592952837
2.9879845429295977
2.996795065610449
2.9897500449559433
2.976681934447683
3.001848980078731
2.9921750897217154
2.990287261596421
2.9903689003035256
2.9861272347341536
2.997032122905028
2.9727697390908054
2.9998847992627153
3.0056354226566993
3.001596533242103
2.9958037992628297
3.0061808902750213
2.979613435080488
2.9896866986286095
2.999109280187051
2.999611693570755
2.9840799297321037
3.0008766162612317
2.9875326655052263
2.9966225418096637
2.994428818693206
2.9845261121856868
2.9839888989699523
2.9987705794312594
3.0051805169835504
2.9896307269072055
2.9840819542947203
2.960522902941329
2.998795243832172
2.9989569752281615
2.979338417147568
3.0003094218967563
2.9869923695396117
2.979175152749491
2.9854727677667543
2.9783386227394084
2.9892117015404684
2.9885045931429146
2.9949693679334564
2.977504809826846
3.0016418727299867
3.011871647128949
2.99152043917263
2.983864658713084
3.002299412915851
2.9983521543159015
2.9924491771539206
2.9934864421499565
2.9935598596626134
3.0026357406431208
3.01157064307913
2.988000188973402
2.9898904006046862
2.996947496947497
2.9808393307785774
2.974323322209863
2.9881444976521454
3.007033724613378
3.002920452438346
2.9919743178170144
2.9869442161964757
3.004394397143642
2.9959561997364714
2.988287432731877
2.987408373431668
2.9715153138673096
3.0052153583310854
2.9928125
3.010368715083799
3.0007095973035303
2.9948401323043
3.0018936891707404
2.993469781303414
3.0049905879262795
2.9833311685500283
2.98488904239703
2.9859700464796006
2.9945282205945714
3
2.983364454252249
2.994893834304923
2.9823775514516333
2.988176386434402
2.983507053455565
2.9974350349003447
2.98330557868443
2.9881516587677726
2.987504654722992
3.000704604799602
3.0039265933702572
2.995968737145208
3.000452116728319
2.980975174428038
3.021349975365413
2.995980185155108
2.9987843915879897
2.988030205655527
2.9967852119750855
2.990750338888446
2.991385842472582
3.0071793235481814
3.0154030327214683
2.9886108374384235
2.991378634689239
3.0003928964325004
2.991438289221627
3.0029714196348283
3.003900612396146
2.9895962252475248
2.9811393084413096
3.0004239901325933
2.995662687598357
2.994912985274431
2.9888867745004757
2.988657486438299
2.993001967014677
2.978126521592569
2.9857722051205045
2.9985721800556098
2.9969021759414773
2.991286214344232
3.006515021778787
2.9951782203924187
3.0005920663114267
3.002842692066305
3.007740508661998
3
2.9885074192609835
3.0017444395987787
2.9898800057828536
2.998950150237121
2.9971133723028074
2.98942970396029
2.9876989093509745
2.9997851156793924
2.979082011236352
3.0027062635758286
2.9902809683689697
3.0043576844044497
2.9891914654688376
2.9936374759657403
2.995607000906492
2.990977495993869
2.996419632925473
2.9980927280923813
3.001907602663707
2.9862092624356777
2.9794335690615283
2.9936253341558707
3.0059562523534042
2.9938340998126383
2.994875971359734
2.99056158565361
3.002160702228224
3.003278356090307
2.9947522454334443
2.9922042291220556
2.9923480469141577
2.983937875418976
3.005203989725456
2.9851037125115605
2.988116400026335
2.9914065586724616
3.0015140543743004
3.0023686548014608
3.0016071897139858
2.998629332289015
2.9833295568575404
2.9881957245884676
3.002495220195081
3.0077481683200413
3.010611795917047
2.9962116347759085
2.9943744805983505
2.9833169150592647
2.9833238402632745
3.0017500318187604
2.9915717036522618
2.9896699420508943
2.997826155445638
2.9882441220610305
2.993371064069291
2.9945123472187576
2.982838059309193
3.00458000997009
3.00235556657575
2.9877743817727147
2.9990434755777717
2.9787136434535277
3.003290080560851
2.9872232725498566
2.998378907444791
2.9970785149117467
2.9920560322609986
2.992848484848485
2.9884658018514636
2.9944218302427257
2.9794847328244276
3.002136302091169